 0.000000000e+00  1.562500000e-01  1.562500000e-01  1.917808219e-05  1.095890411e-04  0.000000000e+00  1.000000000e+00  1.500000000e+00  5.000000000e-01  8.546567956e-02  1.709313591e+01  6.546567956e+02  2.500000000e-01
 4.000000000e-01  1.562500000e-01  1.562500000e-01  1.917808219e-05  1.095890411e-04  0.000000000e+00  1.000000000e+00  1.500000000e+00  5.000000000e-01  8.778428600e-02  1.755685720e+01  6.778428600e+02  5.000000000e-01
 4.000000000e-01  1.562500000e-01  1.562500000e-01  1.917808219e-05  1.095890411e-04  0.000000000e+00  1.000000000e+00  1.500000000e+00  5.000000000e-01  9.293271442e-02  1.858654288e+01  7.293271442e+02  4.931506849e-05
 4.000000000e-01  1.562500000e-01  1.562500000e-01  1.917808219e-05  1.095890411e-04  0.000000000e+00  1.000000000e+00  1.500000000e+00  5.000000000e-01  9.198462516e-02  1.839692503e+01  7.198462516e+02  3.650000000e+02
 4.000000000e-01  1.562500000e-01  1.562500000e-01  1.917808219e-05  1.095890411e-04  0.000000000e+00  5.000000000e-01  1.100000000e+00  5.000000000e-01  8.913623638e-02  1.782724728e+01  6.913623638e+02  1.000000000e+04
 4.000000000e-01  1.562500000e-01  1.562500000e-01  1.917808219e-05  1.095890411e-04  0.000000000e+00  5.000000000e-01  1.100000000e+00  5.000000000e-01  8.539417801e-02  1.707883560e+01  6.539417801e+02  7.000000000e+00
 8.000000000e-01  1.562500000e-01  1.562500000e-01  1.917808219e-05  1.095890411e-04  0.000000000e+00  5.000000000e-01  1.100000000e+00  5.000000000e-01  8.127893288e-02  1.625578658e+01  6.127893288e+02  2.800000000e+01
 8.000000000e-01  1.562500000e-01  1.562500000e-01  1.917808219e-05  1.095890411e-04  0.000000000e+00  5.000000000e-01  1.100000000e+00  5.000000000e-01  7.416378017e-02  1.483275603e+01  5.416378017e+02  0.000000000e+00
 8.000000000e-01  1.562500000e-01  1.562500000e-01  1.917808219e-05  2.191780822e-04  0.000000000e+00  5.000000000e-01  1.100000000e+00  5.000000000e-01  6.451897209e-02  1.290379442e+01  4.451897209e+02  0.000000000e+00
 8.000000000e-01  1.562500000e-01  1.562500000e-01  1.917808219e-05  2.191780822e-04  0.000000000e+00  5.000000000e-01  1.100000000e+00  5.000000000e-01  5.687983833e-02  1.137596767e+01  3.687983833e+02  0.000000000e+00
 8.000000000e-01  1.562500000e-01  1.562500000e-01  1.917808219e-05  6.575342466e-04  0.000000000e+00  5.000000000e-01  1.100000000e+00  5.000000000e-01  4.935004742e-02  9.870009484e+00  2.935004742e+02  0.000000000e+00
 8.000000000e-01  1.562500000e-01  1.562500000e-01  1.917808219e-05  6.575342466e-04  0.000000000e+00  5.000000000e-01  1.100000000e+00  5.000000000e-01  4.240736245e-02  8.481472490e+00  2.240736245e+02  0.000000000e+00
 8.000000000e-01  1.562500000e-01  1.562500000e-01  1.917808219e-05  1.972602740e-03  0.000000000e+00  5.000000000e-01  1.100000000e+00  5.000000000e-01  3.492416563e-02  6.984833126e+00  1.492416563e+02  0.000000000e+00
 8.000000000e-01  1.562500000e-01  1.562500000e-01  1.917808219e-05  1.972602740e-03  0.000000000e+00  5.000000000e-01  1.100000000e+00  5.000000000e-01  2.676727148e-02  5.353454296e+00  6.767271480e+01  0.000000000e+00
 8.000000000e-01  1.562500000e-01  1.562500000e-01  1.917808219e-05  6.246575342e-03  0.000000000e+00  1.000000000e+00  1.000000000e+00  1.000000000e+00  1.671846323e-02  3.343692646e+00 -3.281536770e+01  0.000000000e+00
 8.000000000e-01  1.562500000e-01  1.562500000e-01  1.917808219e-05  6.246575342e-03  0.000000000e+00  1.000000000e+00  1.000000000e+00  1.000000000e+00  2.029344679e-02  4.058689358e+00  2.934467900e+00  0.000000000e+00
