 2.353049014e+00  1.591936373e+00  8.165463384e-01  5.904937475e-01  1.117236987e+00  1.456551997e+00  1.234775686e+00  8.848753539e-01  5.047359965e-01  3.385672693e-01  4.111079014e-01  4.079580709e-01  2.259694267e-01  1.513309607e-01  7.137885820e-02  3.397918490e-02
 1.397686185e+00  1.063984555e+01  2.220425180e+00  6.934642808e-01  4.774561133e-01  1.188494738e+00  1.349462335e+00  1.127640535e+00  7.820970152e-01  3.612627604e-01  2.795872648e-01  3.126695829e-01  2.214516442e-01  1.388723354e-01  5.662944552e-02  3.458160235e-02
 5.445017286e-01  3.377579186e+00  1.126244900e+01  1.598397416e+00  7.204005336e-01  6.392150822e-01  8.808550159e-01  1.047802328e+00  9.178968304e-01  5.004484455e-01  2.894124795e-01  1.798942768e-01  1.119070400e-01  1.128613607e-01  6.699813614e-02  4.268954676e-02
 3.417831142e-01  8.344093353e-01  4.577041968e+00  1.373977078e+01  2.419990906e+00  1.084007350e+00  7.480400108e-01  1.061099859e+00  1.025873124e+00  8.065602815e-01  4.379371033e-01  2.260144735e-01  1.099831092e-01  7.166425924e-02  3.512686111e-02  1.996793036e-02
 6.173091582e-01  4.863456552e-01  6.061578429e-01  4.206378907e+00  5.396940603e+00  2.425323592e+00  1.318519677e+00  1.035970749e+00  8.807111019e-01  8.850799634e-01  6.217258635e-01  3.876687378e-01  1.356399036e-01  5.180289935e-02  4.363011947e-02  3.051697896e-02
 1.061624527e+00  6.750486295e-01  3.568297982e-01  1.184255975e+00  2.844054062e+00  3.096680000e+00  1.864119912e+00  1.291576213e+00  9.918069979e-01  8.074051130e-01  7.683686758e-01  4.389750093e-01  1.914603703e-01  6.278498725e-02  2.240549071e-02  1.550956357e-02
 8.506440914e-01  1.509250666e+00  1.158741056e+00  6.501871579e-01  1.224265199e+00  1.957945144e+00  2.023636918e+00  1.686729929e+00  1.167274439e+00  8.286971075e-01  6.598280988e-01  4.805343605e-01  2.484734155e-01  8.089467456e-02  3.759256361e-02  2.465720925e-02
 6.290210827e-01  1.278566741e+00  1.198481134e+00  9.138566110e-01  7.824652761e-01  1.295534418e+00  1.600840812e+00  1.840621889e+00  1.566104067e+00  9.459225974e-01  6.591706825e-01  3.760214726e-01  2.363904228e-01  1.298291441e-01  6.126896867e-02  1.996703638e-02
 3.758810304e-01  7.728949724e-01  1.073380710e+00  1.331835298e+00  9.493859918e-01  1.033451968e+00  1.322695813e+00  1.480521197e+00  1.555214585e+00  1.155548012e+00  7.882015878e-01  2.916768522e-01  1.912971101e-01  1.062097807e-01  5.198538223e-02  2.306391625e-02
 2.504495767e-01  5.653988331e-01  6.115797521e-01  1.455544547e+00  8.966497258e-01  8.554982832e-01  9.375622139e-01  1.088324100e+00  1.101819614e+00  9.731244272e-01  7.200052279e-01  3.462713048e-01  1.242289024e-01  5.162002000e-02  4.109639737e-02  3.407389756e-02
 4.348597835e-01  7.259042764e-01  8.560636093e-01  1.214097566e+00  1.117421760e+00  1.250846873e+00  1.006810900e+00  8.881246528e-01  1.140326795e+00  1.131464939e+00  8.433176287e-01  6.351215203e-01  1.848411358e-01  5.237838799e-02  3.710546843e-02  3.101194481e-02
 7.656607368e-01  9.086500541e-01  6.493840341e-01  8.802168383e-01  8.523336784e-01  1.274280863e+00  1.163182482e+00  8.003170653e-01  7.959451782e-01  6.672443699e-01  8.284298408e-01  4.907787103e-01  2.895842799e-01  1.002626473e-01  3.602534016e-02  2.588728713e-02
 6.373553550e-01  5.549383601e-01  3.515095354e-01  4.795948031e-01  4.753277016e-01  7.126138317e-01  8.095720936e-01  7.836922660e-01  5.355199187e-01  4.004720864e-01  3.936941244e-01  4.178811752e-01  1.890350999e-01  1.620539883e-01  6.406381769e-02  1.939291956e-02
 3.971703252e-01  5.462717230e-01  4.150843650e-01  2.578056799e-01  3.270482566e-01  4.115833764e-01  6.314420254e-01  6.365731659e-01  4.717319849e-01  1.900538269e-01  1.711856646e-01  2.240562433e-01  2.036710253e-01  1.266191483e-01  9.014586925e-02  2.877042813e-02
 1.508534420e-01  3.744374351e-01  3.194856819e-01  3.553087640e-01  1.482766542e-01  2.792447110e-01  2.481996856e-01  4.599555233e-01  4.103365605e-01  2.818056824e-01  2.007975868e-01  1.398975050e-01  1.916381424e-01  1.602546289e-01  1.016993513e-01  8.288330334e-02
 2.416055575e-01  3.240336302e-01  4.458118206e-01  4.552658309e-01  1.760842624e-01  1.788487519e-01  2.544505518e-01  4.406809996e-01  3.987846252e-01  3.262497255e-01  2.829682647e-01  1.433628365e-01  6.707430232e-02  1.293992133e-01  9.385196372e-02  3.496889945e-02
