 3.361636322e-01  7.915425284e-01  4.096533757e-01  2.855218345e-01  6.432304705e-01  8.102391714e-01  5.332912132e-01  3.265682709e-01  1.587154660e-01  1.028280758e-01  1.654422316e-01  2.201406838e-01  1.130277479e-01  5.668323522e-02  1.602993057e-02  1.054192554e-02
 5.191195926e-01  5.438929140e-01  7.192420143e-01  3.225396779e-01  1.749229468e-01  6.274127359e-01  6.993544649e-01  4.841880384e-01  2.560759961e-01  1.122601502e-01  9.849883089e-02  1.700854024e-01  1.068731575e-01  5.675574074e-02  2.044932020e-02  1.076182513e-02
 2.705121019e-01  7.421699355e-01  7.103960493e-01  5.683322057e-01  1.591732371e-01  1.866664820e-01  3.781163984e-01  4.920176921e-01  3.104655812e-01  1.383367265e-01  7.472378748e-02  6.260910445e-02  4.364538816e-02  4.748560208e-02  2.390485096e-02  9.127920862e-03
 1.864569433e-01  2.923023680e-01  6.140948470e-01  7.047497758e-01  4.310203533e-01  1.811854909e-01  1.163666575e-01  3.720617981e-01  3.584114815e-01  2.528250404e-01  1.738159776e-01  9.702502939e-02  4.840176868e-02  3.350816703e-02  1.440577735e-02  7.584236686e-03
 4.101018717e-01  1.923046055e-01  1.690352898e-01  6.199194567e-01  5.533057182e-01  5.487775641e-01  1.356174879e-01  7.982479611e-02  1.775226045e-01  2.347635229e-01  1.971116629e-01  1.572524799e-01  4.288626824e-02  1.737282862e-02  9.380883939e-03  6.356999697e-03
 7.544034339e-01  3.741416237e-01  1.406397503e-01  2.314062113e-01  5.753969429e-01  4.268748942e-01  3.433153235e-01  1.011106556e-01  4.609492259e-02  1.049547073e-01  2.131875542e-01  1.622476066e-01  8.184572417e-02  3.164475985e-02  5.115871165e-03  6.588893766e-03
 5.569022355e-01  8.643907474e-01  5.734525493e-01  1.404415268e-01  2.022418984e-01  4.882349982e-01  2.332805783e-01  3.191598089e-01  1.215428755e-01  4.421104715e-02  9.216742807e-02  1.338611219e-01  1.135535111e-01  3.344366311e-02  1.533680756e-02  6.036902709e-03
 3.706858203e-01  7.422431705e-01  8.100390158e-01  4.568726810e-01  1.103784649e-01  1.325283365e-01  2.738529459e-01  1.984527963e-01  1.912446765e-01  6.779347724e-02  4.801259789e-02  6.594009533e-02  9.116514793e-02  5.979405558e-02  2.366742766e-02  6.566276836e-03
 2.191799788e-01  4.373917315e-01  6.415692749e-01  6.398731859e-01  2.523563496e-01  9.441197244e-02  1.651878260e-01  2.514331426e-01  1.142068817e-01  1.549706247e-01  6.494350318e-02  2.509707933e-02  5.618278691e-02  6.331008678e-02  2.163332312e-02  1.151579926e-02
 1.428402573e-01  2.180167339e-01  3.389070445e-01  5.933874714e-01  4.338401010e-01  1.711400160e-01  6.093449986e-02  1.431453431e-01  1.661576699e-01  9.874374872e-02  1.135791478e-01  4.927388725e-02  2.027794437e-02  1.945624192e-02  1.560715988e-02  1.635286441e-02
 3.595812757e-01  2.053999048e-01  2.709774561e-01  4.445132817e-01  5.805618836e-01  4.455024667e-01  2.091764484e-01  8.377493064e-02  1.183360017e-01  1.288552097e-01  8.840295064e-02  2.201383866e-01  4.402995876e-02  1.407709474e-02  1.334366247e-02  1.658442190e-02
 6.290569524e-01  4.786552789e-01  2.507586140e-01  4.075873762e-01  4.969680983e-01  6.510819338e-01  4.726433514e-01  1.783408173e-01  8.258239741e-02  1.442332158e-01  2.801866610e-01  8.842445015e-02  1.247477067e-01  4.961502019e-02  8.826506968e-03  1.220513415e-02
 5.548429215e-01  4.322457789e-01  2.410324253e-01  2.441504465e-01  2.353421726e-01  3.672366068e-01  4.383568320e-01  3.292276168e-01  1.377119584e-01  4.899618394e-02  1.118228042e-01  1.630209429e-01  4.376124199e-02  8.427010615e-02  2.021925828e-02  2.813944923e-03
 3.516633104e-01  4.530684579e-01  3.642877576e-01  2.163112616e-01  2.118678353e-01  2.565868968e-01  4.395086489e-01  4.832620943e-01  3.363030962e-01  8.745247478e-02  7.559161553e-02  1.132596363e-01  1.120612376e-01  3.625200038e-02  4.275999359e-02  9.289202087e-03
 1.354028960e-01  3.406407714e-01  2.693311890e-01  2.534429202e-01  6.664782265e-02  1.762011889e-01  1.501641850e-01  3.266288636e-01  2.666580154e-01  1.678427094e-01  9.687113264e-02  5.381806029e-02  8.594313088e-02  6.381126266e-02  1.707630845e-02  3.629825163e-02
 2.201399713e-01  2.803715905e-01  4.115324228e-01  4.149532928e-01  1.370623827e-01  1.261580608e-01  1.753984626e-01  3.821743018e-01  3.473223559e-01  2.684146139e-01  2.447772367e-01  1.086698458e-01  3.683059381e-02  8.899638516e-02  6.074282895e-02  1.474224879e-02
