 1.694996834e+00  7.569328895e-01  3.989941971e-01  2.968615867e-01  4.686497097e-01  6.195553006e-01  6.612761423e-01  5.227757851e-01  3.266902550e-01  2.097553971e-01  2.295175724e-01  1.804012804e-01  1.103328235e-01  9.386833110e-02  5.533686912e-02  2.343725936e-02
 8.241841795e-01  3.202481550e+00  1.208968312e+00  3.377756786e-01  2.671446915e-01  4.589404582e-01  5.174928923e-01  5.295940757e-01  4.134419630e-01  1.800640180e-01  1.305336060e-01  1.273389330e-01  1.089583497e-01  8.039128478e-02  3.583272601e-02  2.381977721e-02
 2.735322340e-01  1.500178277e+00  5.466085053e+00  8.605413014e-01  5.315279349e-01  3.891179311e-01  4.148505122e-01  4.570064985e-01  4.870393081e-01  2.804688272e-01  1.668105418e-01  9.765548168e-02  6.313855125e-02  6.457445789e-02  4.308832717e-02  3.337958560e-02
 1.504250986e-01  4.884898632e-01  2.341328767e+00  7.072256198e+00  1.598883393e+00  6.473607063e-01  3.786460772e-01  4.176622962e-01  3.947425701e-01  3.182332850e-01  1.300671312e-01  6.080771854e-02  4.106148159e-02  3.696224154e-02  2.071822403e-02  1.238369368e-02
 1.994244831e-01  2.620339289e-01  4.024186214e-01  2.610112122e+00  3.941753107e+00  1.348811155e+00  7.381961417e-01  4.517374874e-01  3.242173319e-01  3.427435618e-01  1.884436748e-01  1.174940410e-01  4.354885081e-02  3.308906245e-02  3.405886409e-02  2.415623608e-02
 2.984001461e-01  1.600241172e-01  1.483990083e-01  5.843241412e-01  1.524442589e+00  1.683985461e+00  8.843595933e-01  5.455636208e-01  3.366540707e-01  2.762983392e-01  2.114450478e-01  1.067377419e-01  3.874076521e-02  2.855183222e-02  1.681653367e-02  7.631958921e-03
 2.783932205e-01  2.041256621e-01  3.193931904e-01  2.564353783e-01  6.340474210e-01  8.069304224e-01  9.346871389e-01  6.148022600e-01  3.570537709e-01  2.472908226e-01  2.270844354e-01  1.542997024e-01  6.506191247e-02  4.696163138e-02  2.225165504e-02  1.861681176e-02
 2.327486738e-01  2.830201414e-01  2.195961222e-01  1.637145325e-01  3.641971943e-01  5.533429172e-01  6.395842309e-01  7.178800575e-01  4.619527710e-01  2.687631255e-01  1.658696821e-01  1.237653984e-01  9.791346779e-02  6.781038302e-02  3.759240587e-02  1.339473857e-02
 1.470325644e-01  1.968323989e-01  3.176527010e-01  2.054568003e-01  3.444112416e-01  3.579927372e-01  4.563568754e-01  4.543034409e-01  4.547544111e-01  2.510403457e-01  1.559489543e-01  6.906303368e-02  6.026441789e-02  4.237890163e-02  3.034178695e-02  1.153516660e-02
 4.026823670e-02  6.828956506e-02  9.163320515e-02  1.759711589e-01  2.258931908e-01  2.427381179e-01  2.749341871e-01  2.829450068e-01  2.505267295e-01  2.327682291e-01  1.639856847e-01  7.068439791e-02  4.630892807e-02  3.037643282e-02  2.547841312e-02  1.771494142e-02
 5.798566770e-02  1.122768073e-01  1.312904658e-01  1.965194479e-01  3.351690753e-01  3.683060518e-01  2.492846846e-01  2.227723502e-01  2.326451535e-01  2.355833233e-01  1.675459948e-01  1.249838439e-01  6.996679938e-02  3.828948528e-02  2.374998330e-02  1.441736159e-02
 7.431919366e-02  6.822662052e-02  7.560409954e-02  9.034973704e-02  2.113024223e-01  3.083256685e-01  2.950942042e-01  2.255713190e-01  2.034643291e-01  1.299880401e-01  1.727029300e-01  1.518163594e-01  9.054696342e-02  5.063412930e-02  2.641034105e-02  1.291306356e-02
 4.601360182e-02  5.191262975e-02  4.602035643e-02  7.362143514e-02  1.449105282e-01  1.930450332e-01  1.840091061e-01  2.031843799e-01  1.617029293e-01  1.187019171e-01  9.725387183e-02  1.134839911e-01  9.091698256e-02  6.641330624e-02  4.383629839e-02  1.656413482e-02
 4.381945093e-02  5.977226170e-02  3.912329775e-02  4.147165616e-02  1.130602947e-01  1.528650600e-01  1.787205409e-01  1.475602099e-01  1.296273833e-01  9.343492441e-02  9.348666677e-02  9.531918355e-02  8.326799944e-02  7.267390689e-02  3.623683110e-02  1.946931514e-02
 1.545054596e-02  3.379666373e-02  5.015194466e-02  9.424355145e-02  8.161202796e-02  1.030222775e-01  9.799977378e-02  1.256670992e-01  1.357946940e-01  9.278382238e-02  6.869789635e-02  6.459996361e-02  9.793013711e-02  8.841308663e-02  7.669354357e-02  2.517639290e-02
 2.146558618e-02  2.253335855e-02  3.427939784e-02  1.906929296e-02  3.897527969e-02  4.505302992e-02  7.900515757e-02  5.842247941e-02  5.143449052e-02  5.782478219e-02  3.818034756e-02  3.469299069e-02  3.024370851e-02  4.039254494e-02  3.310913477e-02  2.022665066e-02
