 3.218885483e-01  4.346095536e-02  7.898765619e-03  8.110326356e-03  5.356806884e-03  2.184906763e-02  4.020814917e-02  2.997693897e-02  1.408606301e-02  1.667886955e-02  9.486671486e-03  7.416106715e-03  1.282627154e-03  7.793943940e-04  8.236083424e-66 6.379264552e-120
 5.438241281e-02  6.893156948e+00  2.922148540e-01  3.314892426e-02  3.538728989e-02  9.794856940e-02  1.214117265e-01  1.112984754e-01  1.025311446e-01  6.615695200e-02  4.977758663e-02  1.455517248e-02  5.620136991e-03  1.711814360e-03  3.473993125e-04  8.089033850e-39
 4.573926283e-04  1.134466637e+00  5.048743345e+00  1.601515855e-01  1.786675490e-02  5.991140542e-02  5.816484647e-02  9.009578394e-02  8.964324444e-02  6.403889510e-02  4.063128214e-02  1.962967256e-02  5.123100564e-03  8.013006806e-04  4.932868650e-25  1.820402974e-04
 2.600891947e-03  4.984423431e-02  1.604913571e+00  5.629865720e+00  7.467886307e-02  6.900133578e-02  7.339527156e-02  1.002253689e-01  8.033849239e-02  8.602607933e-02  4.279734774e-02  2.431029498e-02  5.627153401e-03  1.185503674e-03  6.204775731e-33  1.705814544e-70
 7.200223776e-03  2.829483698e-02  8.854449423e-03  7.637648501e-01  4.153555362e-01  4.843270094e-02  3.130894970e-02  3.755182007e-02  2.331826120e-02  2.684999283e-02  1.333424076e-02  9.198736219e-03  7.099796535e-04  1.331147150e-03  1.771104993e-04  1.219329999e-47
 7.050508230e-03  1.365066161e-01  3.361834192e-02  1.764530298e-01  2.682695136e-01  1.619466705e-01  2.721182852e-02  3.522937758e-02  4.075954482e-02  3.347793185e-02  8.166862640e-03  1.292184523e-02  4.382814468e-03  2.572327709e-03  4.629676173e-04  1.285696454e-03
 1.416441329e-02  4.335545121e-01  2.258824433e-01  1.460445910e-01  4.717293768e-02  8.517323553e-02  7.452850644e-02  5.060845707e-02  5.376939943e-02  2.633303701e-02  2.021870687e-02  3.004711127e-03  5.518782377e-03  4.730005103e-04  1.653870168e-48  3.111225324e-55
 2.412619131e-02  2.482538215e-01  1.436252230e-01  7.397542970e-02  1.812306351e-02  5.359092843e-02  7.205710029e-02  5.274801583e-02  5.740386420e-02  2.590676516e-02  3.626958497e-03  8.272471725e-03  5.754512004e-04  2.212406620e-03 1.843853113e-123  9.694055712e-67
 7.823155193e-03  1.357996383e-01  8.540274546e-02  3.483150102e-01  8.489734446e-03  2.613790901e-02  2.477701512e-02  3.287320057e-02  6.914463306e-02  2.330004137e-02  2.465397080e-02  6.781786759e-03  5.704183672e-03  5.064296663e-04  4.811158303e-68  2.401993416e-92
 6.560550197e-02  2.774801824e-01  1.432276583e-01  5.159493561e-01  5.767488450e-03  3.051335454e-02  5.698305963e-02  4.841271453e-02  4.439869460e-02  2.531195672e-02  2.972974202e-02  1.355505213e-02  3.364036922e-03  1.771064227e-03 6.208163016e-134  3.272627608e-72
 1.729283269e-02  4.079970458e-01  4.120878367e-01  4.431644848e-01  5.410666068e-03  1.449472727e-02  3.934930624e-02  3.829933353e-02  4.707714028e-02  6.140974504e-02  3.005987459e-02  1.608208845e-02  4.668293705e-03  9.259304847e-24 1.237815229e-117  5.642146188e-78
 6.148348084e-02  3.590299445e-01  2.559572421e-01  2.911849890e-01  6.050963118e-03  5.392551982e-02  2.050604028e-02  3.404928284e-02  4.250204973e-02  2.965031621e-02  2.530407875e-02  2.851020547e-02  9.144272188e-03  1.172009392e-31  7.819047451e-04  7.624322525e-04
 3.638716857e-02  7.028911167e-02  3.053352364e-02  1.433142287e-01  1.287961886e-02  1.735820014e-03  1.576960255e-02  4.361350771e-02  9.544641913e-03  1.474795077e-02  1.143285930e-02  5.941989048e-03  2.087394571e-02  1.135027401e-02  4.422549947e-67  2.120636335e-37
 1.679960864e-03  3.342764011e-02  1.166566110e-02  8.368417284e-32  2.088633347e-03  2.052488715e-03  1.314041439e-02  5.721686840e-03  5.735318045e-03  9.106858401e-03  2.030310941e-03  1.542435473e-02  8.295185243e-03  1.767907766e-02  1.112413795e-02 3.456983450e-126
 1.280883587e-28  5.109863160e-26  1.928402595e-40  7.596227480e-03  2.635070545e-22  1.696943094e-24  1.258344383e-26  7.619322768e-03  7.848210902e-03  2.114817370e-02  3.520725244e-02  2.143451013e-02  7.738737551e-03  8.013453028e-03  7.912847890e-03  2.138257653e-02
 2.816556088e-94  2.112868111e-02  8.460342326e-42  2.124324510e-02  4.897031839e-36  7.590694852e-03  9.770368440e-69  2.230738341e-60  1.436967839e-48  8.559245132e-60  4.694293315e-42  1.598146569e-46  2.209733492e-83 8.858747490e-107  1.020427920e-80 6.614138114e-113
