 1.954228167e-55  7.414873615e-80  3.513483865e-58 2.076815875e-106  1.911298489e-59  4.908457321e-03  1.811941153e-07  5.554358969e-03  5.244212557e-03  9.304926785e-03  6.661425882e-03  5.388745162e-19  1.326228123e-03  8.206045241e-92  1.205851502e-05 3.164368338e-125
6.244648338e-116  3.141392317e-04  2.951595170e-72  1.557678134e-59  1.185143138e-06  4.192974866e-03  1.120325169e-02  2.559945081e-03  1.004791151e-02  2.781640146e-03  7.772413019e-04  6.900749473e-04  9.903581024e-57  1.349555776e-05  7.645913251e-79  2.383920728e-65
 1.497032420e-23  7.643362802e-04  3.722455112e-02  9.372323378e-03  1.183260665e-02  3.519263656e-03  2.972325881e-02  8.682353657e-03  3.074869661e-02  1.760399669e-02  7.246868085e-03  1.808264388e-08  3.180627858e-17  2.797803171e-53  4.958007700e-06 3.777180827e-102
 2.300180364e-03  3.772869701e-03  1.670478350e-02  3.328990908e-01  3.154082966e-01  1.864598170e-01  1.796320045e-01  1.711503958e-01  1.923805796e-01  1.494758768e-01  9.125664681e-02  4.387143057e-02  1.489270556e-02  8.346996016e-06  2.859728224e-06  1.889261221e-31
 5.825796349e-04  3.712283790e-03  2.584948230e-02  2.125824776e-01  4.865262419e-01  4.793021724e-01  4.133970974e-01  4.668566458e-01  3.556529043e-01  2.807228858e-01  2.228362850e-01  1.037234807e-01  4.849480490e-02  9.861134067e-06  1.326093870e-05  3.743180480e-06
 1.770438543e-03  4.376272497e-03  3.417269768e-02  1.920725929e-01  4.759450164e-01  8.238729744e-01  6.092331664e-01  6.096725588e-01  5.682984597e-01  3.926741346e-01  3.355692111e-01  1.570678156e-01  6.649106644e-02  1.606746272e-05  1.011826076e-05  3.014425343e-06
 1.184222025e-03  7.179744687e-03  4.001287257e-02  1.072656619e-01  3.408029416e-01  5.776064884e-01  7.811406947e-01  7.021594025e-01  6.349083929e-01  5.108622007e-01  3.203575284e-01  1.893688250e-01  6.433920957e-02  1.637955629e-05  4.101008507e-06  3.494789802e-06
 1.460397269e-03  5.049607045e-03  2.522077282e-02  2.192939678e-01  2.897665533e-01  5.560722355e-01  6.153465354e-01  8.715410196e-01  8.555027557e-01  5.834592294e-01  4.416614441e-01  1.780435071e-01  4.673635587e-02  1.229885298e-05  9.135128334e-06  6.020974158e-06
 1.845331974e-03  2.871203593e-03  2.875598902e-02  1.381903021e-01  3.441286661e-01  5.549093496e-01  6.763740967e-01  7.419114132e-01  9.171086594e-01  7.262369999e-01  5.426551595e-01  1.907349525e-01  6.914572159e-02  1.436261611e-05  1.027215667e-05  1.295038934e-05
 1.735580697e-03  1.612351767e-03  3.781184421e-02  1.702365608e-01  2.311489456e-01  4.111067948e-01  5.447104674e-01  6.138210358e-01  6.407365205e-01  6.163004927e-01  4.127106533e-01  2.127579675e-01  5.427799305e-02  1.628103703e-05  1.082436105e-05  6.091723387e-06
 7.406972892e-09  2.305186132e-04  4.170785065e-02  1.299003515e-01  1.962801346e-01  4.225436274e-01  5.090004602e-01  5.432780384e-01  7.422684995e-01  7.056166612e-01  5.573088088e-01  2.739172015e-01  6.617608393e-02  1.180797213e-05  1.182266454e-05  1.016131647e-05
 8.011098910e-04  2.738210121e-03  6.706407852e-02  9.109473601e-02  1.380121947e-01  2.609477410e-01  3.749388859e-01  3.623556462e-01  4.673964020e-01  3.633727978e-01  3.502361711e-01  2.220276954e-01  6.514533755e-02  1.349783035e-05  6.587399252e-06  6.657167559e-06
 1.116631279e-04  4.908397549e-04  3.392323005e-02  1.850869282e-02  8.219538185e-02  1.505963717e-01  1.714365529e-01  2.076667616e-01  2.265603890e-01  2.180260346e-01  1.731845891e-01  1.354342521e-01  3.348292961e-02  2.030195801e-05  8.261021557e-06  1.483981822e-05
 7.602995211e-06  3.363267539e-06  7.648552956e-06  2.276215323e-05  3.149333512e-05  7.893084102e-05  7.242128418e-05  2.917482030e-05  6.618737319e-05  5.956932376e-05  7.707134997e-05  5.306877476e-05  4.660301167e-05  1.416332354e-05  2.490662051e-05  1.191090375e-05
 5.788638403e-55  7.887851494e-42  2.548304124e-06  2.606481910e-05  1.680362053e-05  2.124467388e-05  3.572676029e-05  4.023770329e-05  3.564019348e-05  3.097692522e-05  2.130533821e-05  4.497094137e-05  2.613683729e-05  1.682662035e-05  1.665143220e-05  2.608228133e-05
2.357212710e-141  9.068716741e-97  1.186371222e-89  9.399340764e-22  4.660004517e-05  4.696640112e-05  4.693160822e-05  8.421840438e-05  2.777881679e-05  1.032943777e-05  1.068036175e-05  7.263418260e-75  1.100739713e-65  1.028316712e-05  5.169029935e-49  8.280405087e-43
